737
737
737
737
737
737
737
737
737
737
737
737
737
737
737
737
737
737
737
737
737
737
737
737
737
737
737
737
737
737
737
737
737
737
737
737
737
737
737
737
737
737
737
737
737
737
737
737
737
737
737
737
737
737
737
737
737
737
737
737
737
737
737
737
737
737
737
737
737
737
737
737
737
737
737
737
737
737
737
737
737
737
737
737
737
737
737
737
737
737
737
737
737
737
737
737
737
737
737
737
737
745
745
745
745
745
745
745
745
745
805
745
745
745
745
745
805
737
737
745
745
805
745
745
745
674
674
737
745
745
737
674
674
745
745
745
745
745
737
737
745
737
805
745
674
805
674
805
745
745
745
745
745
745
745
737
737
745
737
737
745
745
745
745
737
745
745
745
745
745
745
745
737
745
266
745
745
745
745
745
745
745
745
745
745
737
745
805
737
745
737
191
745
745
745
745
745
805
745
737
737
745
745
737
805
805
737
745
745
745
745
745
737
745
745
805
674
737
737
737
737
737
737
737
737
737
737
737
737
737
737
737
737
737
737
737
737
737
737
674
737
737
745
737
745
737
745
805
805
737
737
805
737
737
737
737
745
805
805
805
745
805
745
737
805
805
266
745
737
737
805
805
745
745
805
745
745
745
745
805
745
745
745
805
805
745
737
805
745
745
737
745
745
745
805
745
745
805
745
745
745
301
737
745
745
745
805
745
805
745
805
805
805
805
745
745
737
805
805
737
737
737
322
745
737
737
745
805
745
737
737
737
737
737
737
745
745
745
737
737
737
737
805
737
805
745
745
745
737
805
745
745
737
737
737
737
737
805
737
805
737
745
745
745
745
737
737
805
805
745
737
737
805
805
737
737
737
745
805
805
745
805
805
737
674
737
737
737
737
737
745
737
805
745
674
737
737
737
745
745
805
737
737
805
737
737
745
737
805
805
745
745
805
737
737
805
805
745
805
737
737
805
805
737
737
745
805
737
805
737
745
745
745
737
737
745
745
805
805
805
745
745
737
745
737
737
805
805
737
805
745
737
805
745
805
745
805
805
805
805
805
745
745
674
745
745
745
737
468
737
805
745
745
745
737
737
745
745
745
745
745
745
745
745
745
805
745
745
737
737
805
745
745
737
745
745
745
745
498
745
805
737
737
745
745
745
737
737
745
745
745
745
745
745
745
745
745
745
737
737
745
737
737
745
745
737
745
737
737
745
805
531
674
737
534
745
745
737
805
737
745
745
745
745
737
737
745
745
805
805
737
737
737
745
745
745
737
737
737
737
737
745
745
745
745
745
745
737
737
745
745
745
805
745
737
737
737
745
737
737
737
745
745
745
745
737
737
745
745
745
745
610
805
737
737
737
610
745
745
745
737
737
745
737
737
745
737
737
745
745
610
745
745
674
618
618
805
618
618
805
621
621
805
737
624
805
805
805
805
805
644
805
644
805
805
644
644
644
805
805
805
805
805
745
644
644
644
805
805
644
644
644
805
805
644
644
805
805
644
805
805
644
644
644
805
805
674
674
674
805
805
805
745
745
674
674
674
674
805
805
805
805
805
737
687
737
805
687
805
745
805
674
805
805
745
805
737
737
805
699
700
737
805
805
805
805
674
805
805
805
805
737
737
805
805
715
716
737
805
737
674
805
737
737
805
745
726
805
805
805
805
805
805
805
805
745
737
737
738
737
737
805
805
805
745
745
805
751
751
745
751
751
745
753
745
755
737
737
737
737
737
737
805
737
737
737
737
785
737
737
785
771
785
785
737
737
737
737
737
737
737
737
737
737
784
785
737
737
737
737
790
737
737
737
737
737
737
799
799
799
820
801
805
805
805
805
820
820
820
820
805
820
820
805
820
820
820
820
820
820
820
820
820
820
820
825
805
