737
737
737
737
737
737
737
737
737
737
737
737
737
737
737
737
737
737
737
737
737
737
737
737
737
737
737
737
737
737
737
737
737
737
737
737
737
737
737
737
737
737
737
737
737
737
737
737
737
737
737
737
737
737
737
737
737
737
737
737
737
737
737
737
737
737
737
737
737
737
737
737
737
737
737
737
737
737
737
737
737
737
737
737
737
737
737
737
737
737
737
737
737
737
737
737
737
737
737
737
737
745
745
745
745
745
745
745
745
745
810
745
745
745
745
745
810
737
737
745
745
810
745
745
745
674
674
737
745
745
737
674
674
745
745
745
745
745
737
737
745
737
810
745
676
810
676
810
745
745
745
745
745
745
745
737
737
745
737
737
745
745
745
745
737
745
745
745
745
745
745
745
737
745
266
745
745
745
745
745
745
745
745
745
745
737
745
810
737
745
737
191
745
745
745
745
745
810
745
737
737
745
745
737
810
810
737
745
745
745
745
745
737
745
745
810
674
737
737
737
737
737
737
737
737
737
737
737
737
737
737
737
737
737
737
737
737
737
737
676
737
737
745
737
745
737
745
810
810
737
737
810
737
737
737
737
745
810
810
810
745
810
745
737
810
810
266
745
737
737
810
810
745
745
810
745
745
745
745
279
745
745
745
810
810
745
737
810
745
745
737
745
745
745
810
745
745
810
745
745
745
301
737
745
745
745
810
745
810
745
810
810
810
810
745
745
737
810
810
737
737
737
322
745
737
737
745
810
745
737
737
737
737
737
737
745
745
745
737
737
737
737
810
737
810
745
745
745
737
810
745
745
737
737
737
737
737
810
737
810
737
745
745
745
745
737
737
810
810
745
737
737
810
810
737
737
737
745
810
810
745
810
810
737
674
737
737
737
737
737
745
737
810
745
674
737
737
737
745
745
810
737
737
810
737
737
745
737
810
810
745
745
810
737
737
810
810
745
810
737
737
810
810
737
737
745
810
737
810
737
745
745
745
737
737
745
745
810
810
439
745
745
737
745
737
737
810
810
737
810
745
737
810
745
810
745
810
810
810
810
810
745
745
674
745
745
745
737
468
737
810
745
745
745
737
737
745
745
745
745
745
745
745
745
745
810
745
745
737
737
810
745
745
737
745
745
745
745
498
745
810
737
737
745
745
745
737
737
745
745
745
745
745
745
745
745
745
745
737
737
745
737
737
745
745
737
745
737
737
745
810
531
676
737
534
745
745
737
810
737
745
745
745
745
737
737
745
745
810
810
737
737
737
745
745
745
737
737
737
737
737
745
745
745
745
745
745
737
737
745
745
745
810
745
737
737
737
745
737
737
737
745
745
745
745
737
737
745
745
745
745
610
810
737
737
737
610
745
745
745
737
737
745
737
737
745
737
737
745
745
610
745
745
676
618
618
810
618
618
810
621
621
810
737
624
810
810
810
810
810
662
810
662
810
810
662
662
662
810
810
810
810
810
745
662
662
662
810
810
662
662
662
810
810
662
662
810
810
662
810
810
662
662
662
810
810
674
674
674
810
810
810
745
745
674
674
676
674
810
810
810
810
810
737
687
737
810
687
810
745
810
674
810
810
745
810
737
737
810
699
700
737
810
810
810
810
674
810
810
810
810
737
737
713
810
715
716
737
810
737
674
810
737
737
810
745
726
810
810
810
810
810
810
810
810
745
737
737
738
737
737
810
810
810
745
745
810
751
751
745
751
751
745
753
745
755
737
737
737
737
737
737
810
737
737
737
737
785
737
737
785
771
785
785
737
737
737
737
737
737
737
737
737
737
784
785
737
737
737
737
790
737
737
737
737
737
737
799
799
799
820
801
810
810
810
810
820
820
820
820
810
820
820
810
820
820
820
820
820
820
820
820
820
820
820
825
810
