793
793
793
793
793
793
793
793
793
793
793
793
793
793
793
793
793
793
793
793
793
793
793
793
793
793
793
793
793
793
793
793
793
793
793
793
793
793
793
793
793
793
793
793
793
793
793
793
793
793
793
793
793
793
793
793
793
793
793
793
793
793
793
793
793
793
793
793
793
793
793
793
793
793
793
793
793
793
793
793
793
793
793
793
793
793
793
793
793
793
793
793
793
793
793
793
793
793
793
793
793
735
735
735
735
735
735
735
735
735
805
735
735
735
735
735
805
793
793
735
735
805
735
735
735
674
674
793
735
735
793
674
674
735
735
735
735
735
793
793
735
793
805
735
674
805
674
805
735
735
735
735
735
735
735
793
793
735
793
793
735
735
735
735
793
735
735
735
735
735
735
735
793
735
805
735
735
735
735
735
735
735
735
735
735
793
735
805
793
735
793
805
735
735
735
735
735
805
735
793
793
735
735
793
805
805
793
735
735
735
735
735
793
735
735
805
674
793
793
793
793
793
793
793
793
793
793
793
793
793
793
793
793
793
793
793
793
793
793
674
793
793
735
793
735
793
735
805
805
793
793
805
793
793
793
793
735
805
805
805
735
805
735
793
805
805
805
735
793
793
805
805
735
735
805
735
735
735
735
805
735
735
735
805
805
735
793
805
735
735
793
735
735
735
805
735
735
805
735
735
735
805
793
735
735
735
805
735
805
735
805
805
805
805
735
735
793
805
805
793
793
793
322
735
793
793
735
805
735
793
793
793
793
793
793
735
735
735
793
793
793
793
805
793
805
735
735
735
793
805
735
735
793
793
793
793
793
805
793
805
793
735
735
735
735
793
793
805
805
735
793
793
805
805
793
793
793
735
805
805
735
805
805
793
674
793
793
793
793
793
735
793
805
735
674
793
793
793
735
735
805
793
793
805
793
793
735
793
805
805
735
735
805
793
793
805
805
735
805
793
793
805
805
793
793
735
805
793
805
793
735
735
735
793
793
735
735
805
805
805
735
735
793
735
793
793
805
805
793
805
735
793
805
735
805
735
805
805
805
805
805
735
735
674
735
735
735
793
468
793
805
735
735
735
793
793
735
735
735
735
735
735
735
735
735
805
735
735
793
793
805
735
735
793
735
735
735
735
498
735
805
793
793
735
735
735
793
793
735
735
735
735
735
735
735
735
735
735
793
793
735
793
793
735
735
793
735
793
793
735
805
531
674
793
534
735
735
793
805
793
735
735
735
735
793
793
735
735
805
805
793
793
793
735
735
735
793
793
793
793
793
735
735
735
735
735
735
793
793
735
735
735
805
735
793
793
793
735
793
793
793
735
735
735
735
793
793
735
735
735
735
610
805
793
793
793
610
735
735
735
793
793
735
793
793
735
793
793
735
735
610
735
735
674
618
618
805
618
618
805
621
621
805
793
624
805
805
805
805
805
644
805
644
805
805
644
644
644
805
805
805
805
805
735
644
644
644
805
805
644
644
644
805
805
644
644
805
805
644
805
805
644
644
644
805
805
674
674
674
805
805
805
735
735
674
674
674
674
805
805
805
805
805
793
687
793
805
687
805
735
805
674
805
805
735
805
793
793
805
699
700
793
805
805
805
805
674
805
805
805
805
793
793
805
805
715
735
793
805
793
674
805
793
793
805
735
726
805
805
805
805
805
805
805
805
735
793
793
738
793
793
805
805
805
735
735
805
751
751
735
751
751
735
753
735
755
793
793
793
793
793
793
805
793
793
793
793
785
793
793
785
771
785
785
793
793
793
793
793
793
793
793
793
793
784
785
793
793
793
793
790
793
793
793
793
793
793
799
799
799
820
801
805
805
805
805
820
820
820
820
805
820
820
805
820
820
820
820
820
820
820
820
820
820
820
825
805
