784
784
784
784
784
784
784
784
784
784
784
784
784
784
784
784
784
784
784
784
784
784
784
784
784
784
784
784
784
784
784
784
784
784
784
784
784
784
784
784
784
784
784
784
784
784
784
784
784
784
784
784
784
784
784
784
784
784
784
784
784
784
784
784
784
784
784
784
784
784
784
784
784
784
784
784
784
784
784
784
784
784
784
784
784
784
784
784
784
784
784
784
784
784
784
784
784
784
784
784
784
735
735
735
735
735
735
735
735
735
805
735
735
735
735
735
805
784
784
735
735
805
735
735
735
674
674
784
735
735
784
674
674
735
735
735
735
735
784
784
735
784
805
735
674
805
674
805
735
735
735
735
735
735
735
784
784
735
784
784
735
735
735
735
784
735
735
735
735
735
735
735
784
735
805
735
735
735
735
735
735
735
735
735
735
784
735
805
784
735
784
805
735
735
735
735
735
805
735
784
784
735
735
784
805
805
784
735
735
735
735
735
784
735
735
805
674
784
784
784
784
784
784
784
784
784
784
784
784
784
784
784
784
784
784
784
784
784
784
674
784
784
735
784
735
784
735
805
805
784
784
805
784
784
784
784
735
805
805
805
735
805
735
784
805
805
805
735
784
784
805
805
735
735
805
735
735
735
735
805
735
735
735
805
805
735
784
805
735
735
784
735
735
735
805
735
735
805
735
735
735
805
784
735
735
735
805
735
805
735
805
805
805
805
735
735
784
805
805
784
784
784
322
735
784
784
735
805
735
784
784
784
784
784
784
735
735
735
784
784
784
784
805
784
805
735
735
735
784
805
735
735
784
784
784
784
784
805
784
805
784
735
735
735
735
784
784
805
805
735
784
784
805
805
784
784
784
735
805
805
735
805
805
784
674
784
784
784
784
784
735
784
805
735
674
784
784
784
735
735
805
784
784
805
784
784
735
784
805
805
735
735
805
784
784
805
805
735
805
784
784
805
805
784
784
735
805
784
805
784
735
735
735
784
784
735
735
805
805
805
735
735
784
735
784
784
805
805
784
805
735
784
805
735
805
735
805
805
805
805
805
735
735
674
735
735
735
784
468
784
805
735
735
735
784
784
735
735
735
735
735
735
735
735
735
805
735
735
784
784
805
735
735
784
735
735
735
735
498
735
805
784
784
735
735
735
784
784
735
735
735
735
735
735
735
735
735
735
784
784
735
784
784
735
735
784
735
784
784
735
805
531
674
784
534
735
735
784
805
784
735
735
735
735
784
784
735
735
805
805
784
784
784
735
735
735
784
784
784
784
784
735
735
735
735
735
735
784
784
735
735
735
805
735
784
784
784
735
784
784
784
735
735
735
735
784
784
735
735
735
735
610
805
784
784
784
610
735
735
735
784
784
735
784
784
735
784
784
735
735
610
735
735
674
618
618
805
618
618
805
621
621
805
784
805
805
805
805
805
805
644
805
644
805
805
644
644
644
805
805
805
805
805
735
644
644
644
805
805
644
644
644
805
805
644
644
805
805
644
805
805
644
644
644
805
805
674
674
674
805
805
805
735
735
674
674
674
674
805
805
805
805
805
784
726
784
805
726
805
735
805
674
805
805
735
805
784
784
805
699
700
784
805
805
805
805
674
805
805
805
805
784
784
805
805
715
735
784
805
784
674
805
784
784
805
735
726
805
805
805
805
805
805
805
805
735
784
784
738
784
784
805
805
805
735
735
805
751
751
735
751
751
735
753
735
755
784
784
784
784
784
784
805
784
784
784
784
785
784
784
785
785
785
785
784
784
784
784
784
784
784
784
784
784
784
785
784
784
784
784
790
784
784
784
784
784
784
799
799
799
820
801
805
805
805
805
820
820
820
820
805
820
820
805
820
820
820
820
820
820
820
820
820
820
820
825
805
