784
784
784
784
784
784
784
784
784
784
784
784
784
784
784
784
784
784
784
784
784
784
784
784
784
784
784
784
784
784
784
784
784
784
784
784
784
784
784
784
784
784
784
784
784
784
784
784
784
784
784
784
784
784
784
784
784
784
784
784
784
784
784
784
784
784
784
784
784
784
784
784
784
784
784
784
784
784
784
784
784
784
784
784
784
784
784
784
784
784
784
784
784
784
784
784
784
784
784
784
784
694
694
694
694
694
694
694
694
694
810
694
694
694
694
694
810
784
784
694
694
810
694
694
694
810
810
784
694
694
784
810
810
694
694
694
694
694
784
784
694
784
810
694
810
810
810
810
694
694
694
694
694
694
694
784
784
694
784
784
694
694
694
694
784
694
694
694
694
694
694
694
784
694
810
694
694
694
694
694
694
694
694
694
694
784
694
810
784
694
784
810
694
694
694
694
694
810
694
784
784
694
694
784
810
810
784
694
694
694
694
694
784
694
694
810
810
784
784
784
784
784
784
784
784
784
784
784
784
784
784
784
784
784
784
784
784
784
784
810
784
784
694
784
694
784
694
810
810
784
784
810
784
784
784
784
694
810
810
810
694
810
694
784
810
810
810
694
784
784
810
810
694
694
810
694
694
694
694
810
694
694
694
810
810
694
784
810
694
694
784
694
694
694
810
694
694
810
694
694
694
810
784
694
694
694
810
694
810
694
810
810
810
810
694
694
784
810
810
784
784
784
322
694
784
784
694
810
694
784
784
784
784
784
784
694
694
694
784
784
784
784
810
784
810
694
694
694
784
810
694
694
784
784
784
784
784
810
784
810
784
694
694
694
694
784
784
810
810
694
784
784
810
810
784
784
784
694
810
810
694
810
810
784
810
784
784
784
784
784
694
784
810
694
810
784
784
784
694
694
810
784
784
810
784
784
694
784
810
810
694
694
810
784
784
810
810
694
810
784
784
810
810
784
784
694
810
784
810
784
694
694
694
784
784
694
694
810
810
810
694
694
784
694
784
784
810
810
784
810
694
784
810
694
810
694
810
810
810
810
810
694
694
810
694
694
694
784
468
784
810
694
694
694
784
784
694
694
694
694
694
694
694
694
694
810
694
694
784
784
810
694
694
784
694
694
694
694
498
694
810
784
784
694
694
694
784
784
694
694
694
694
694
694
694
694
694
694
784
784
694
784
784
694
694
784
694
784
784
694
810
694
810
784
534
694
694
784
810
784
694
694
694
694
784
784
694
694
810
810
784
784
784
694
694
694
784
784
784
784
784
694
694
694
694
694
694
784
784
694
694
694
810
694
784
784
784
694
784
784
784
694
694
694
694
784
784
694
694
694
694
694
810
784
784
784
694
694
694
694
784
784
694
784
784
694
784
784
694
694
694
694
694
810
784
784
810
784
784
810
621
621
810
784
810
810
810
810
810
810
784
810
784
810
810
784
784
784
810
810
810
810
810
694
784
784
784
810
810
784
784
784
810
810
784
784
810
810
784
810
810
784
784
784
810
810
810
810
810
810
810
810
694
694
810
810
810
810
810
810
810
810
810
784
726
784
810
726
810
694
810
810
810
810
694
810
784
784
810
699
784
784
810
810
810
810
810
810
810
810
810
784
784
810
810
715
694
784
810
784
810
810
784
784
810
694
726
810
810
810
810
810
810
810
810
694
784
784
738
784
784
810
810
810
694
694
810
753
753
694
753
753
694
753
694
755
784
784
784
784
784
784
810
784
784
784
784
694
784
784
694
694
694
694
784
784
784
784
784
784
784
784
784
784
784
694
784
784
784
784
790
784
784
784
784
784
784
799
799
799
820
810
810
810
810
810
820
820
820
820
810
820
820
810
820
820
820
820
820
820
820
820
820
820
820
784
810
