784
784
784
784
784
784
784
784
784
784
784
784
784
784
784
784
784
784
784
784
784
784
784
784
784
784
784
784
784
784
784
784
784
784
784
784
784
784
784
784
784
784
784
784
784
784
784
784
784
784
784
784
784
784
784
784
784
784
784
784
784
784
784
784
784
784
784
784
784
784
784
784
784
784
784
784
784
784
784
784
784
784
784
784
784
784
784
784
784
784
784
784
784
784
784
784
784
784
784
784
784
563
563
563
563
563
563
563
563
563
810
563
563
563
563
563
810
784
784
563
563
810
563
563
563
810
810
784
563
563
784
810
810
563
563
563
563
563
784
784
563
784
810
563
810
810
810
810
563
563
563
563
563
563
563
784
784
563
784
784
563
563
563
563
784
563
563
563
563
563
563
563
784
563
810
563
563
563
563
563
563
563
563
563
563
784
563
810
784
563
784
810
563
563
563
563
563
810
563
784
784
563
563
784
810
810
784
563
563
563
563
563
784
563
563
810
810
784
784
784
784
784
784
784
784
784
784
784
784
784
784
784
784
784
784
784
784
784
784
810
784
784
563
784
563
784
563
810
810
784
784
810
784
784
784
784
563
810
810
810
563
810
563
784
810
810
810
563
784
784
810
810
563
563
810
563
563
563
563
810
563
563
563
810
810
563
784
810
563
563
784
563
563
563
810
563
563
810
563
563
563
810
784
563
563
563
810
563
810
563
810
810
810
810
563
563
784
810
810
784
784
784
322
563
784
784
563
810
563
784
784
784
784
784
784
563
563
563
784
784
784
784
810
784
810
563
563
563
784
810
563
563
784
784
784
784
784
810
784
810
784
563
563
563
563
784
784
810
810
563
784
784
810
810
784
784
784
563
810
810
563
810
810
784
810
784
784
784
784
784
563
784
810
563
810
784
784
784
563
563
810
784
784
810
784
784
563
784
810
810
563
563
810
784
784
810
810
563
810
784
784
810
810
784
784
563
810
784
810
784
563
563
563
784
784
563
563
810
810
810
563
563
784
563
784
784
810
810
784
810
563
784
810
563
810
563
810
810
810
810
810
563
563
810
563
563
563
784
468
784
810
563
563
563
784
784
563
563
563
563
563
563
563
563
563
810
563
563
784
784
810
563
563
784
563
563
563
563
498
563
810
784
784
563
563
563
784
784
563
563
563
563
563
563
563
563
563
563
784
784
563
784
784
563
563
784
563
784
784
563
810
563
810
784
534
563
563
784
810
784
563
563
563
563
784
784
563
563
810
810
784
784
784
563
563
563
784
784
784
784
784
563
563
563
563
563
563
784
784
563
563
563
810
563
784
784
784
563
784
784
784
563
563
563
563
784
784
563
563
563
563
563
810
784
784
784
563
563
563
563
784
784
563
784
784
563
784
784
563
563
563
563
563
810
618
618
810
618
618
810
621
621
810
784
810
810
810
810
810
810
644
810
644
810
810
644
644
644
810
810
810
810
810
563
644
644
644
810
810
644
644
644
810
810
644
644
810
810
644
810
810
644
644
644
810
810
810
810
810
810
810
810
563
563
810
810
810
810
810
810
810
810
810
784
726
784
810
726
810
563
810
810
810
810
563
810
784
784
810
699
784
784
810
810
810
810
810
810
810
810
810
784
784
810
810
715
563
784
810
784
810
810
784
784
810
563
726
810
810
810
810
810
810
810
810
563
784
784
738
784
784
810
810
810
563
563
810
753
753
563
753
753
563
753
563
755
784
784
784
784
784
784
810
784
784
784
784
563
784
784
563
563
563
563
784
784
784
784
784
784
784
784
784
784
784
563
784
784
784
784
790
784
784
784
784
784
784
799
799
799
820
810
810
810
810
810
820
820
820
820
810
820
820
810
820
820
820
820
820
820
820
820
820
820
820
825
810
